1 3717169949725598
2 3717170950303536
3 3717171950798717
4 3717172951293233
5 3717173951781183
6 3717174952273413
7 3717175952744793
8 3717176953234168
9 3717177953734809
10 3717178954181956
11 3717179954652232
12 3717180955153972
13 3717181955676504
14 3717182956186530
15 3717183956687193
16 3717184957167267
17 3717185957740523
18 3717186958226110
19 3717187958707815
20 3717188959161724
21 3717189959686027
22 3717190960253466
23 3717191960788401
24 3717192961314254
25 3717193961807341
26 3717194962326508
27 3717195962825026
28 3717196963335014
29 3717197963800802
30 3717198964255098
31 3717199964728268
32 3717200965247025
33 3717201965790676
34 3717202966349897
35 3717203966832786
36 3717204967326463
37 3717205967810180
38 3717206968279632
39 3717207968760978
40 3717208969232168
41 3717209969744699
42 3717210970234679
43 3717211970686081
44 3717212971252160
45 3717213971741588
46 3717214972217554
47 3717215972724725
48 3717216973228457
49 3717217973719127
50 3717218974138306
51 3717219974585640
52 3717220975051291
53 3717221975545465
54 3717222975998997
55 3717223976564603
56 3717224977039049
57 3717225977577635
58 3717226978067690
59 3717227978596157
60 3717228979080001
61 3717229979560363
62 3717230980080828
63 3717231980543964
64 3717232981060776
65 3717233981556488
66 3717234982117936
67 3717235982598619
68 3717236983064397
69 3717237983543064
70 3717238984060871
71 3717239984529301
72 3717240985025596
73 3717241985559314
74 3717242986035608
75 3717243986558654
76 3717244987004263
77 3717245987392912
78 3717246988020124
79 3717247988614886
80 3717248989106140
81 3717249989572609
82 3717250990074281
83 3717251990594796
84 3717252991052640
85 3717253991591106
86 3717254992088817
87 3717255992676083
88 3717256993135330
89 3717257993661220
90 3717258994170070
91 3717259994648145
92 3717260995138929
93 3717261995674771
94 3717262996151128
95 3717263996710635
96 3717264997236957
97 3717265997740482
98 3717266998248461
99 3717267998719848
100 3717268999194578
101 3717269999679660
102 3717271000143003
103 3717272000606774
104 3717273001113332
105 3717274002032128
106 3717275002542239
107 3717276003024080
108 3717277003573270
109 3717278004050942
110 3717279004368576
111 3717280004830657
112 3717281005318548
113 3717282005816800
114 3717283006270583
115 3717284006760116
116 3717285007282227
117 3717286007762233
118 3717287008237718
119 3717288008713214
120 3717289009239354
121 3717290009814035
122 3717291010276934
123 3717292010774111
124 3717293011233662
125 3717294011802214
126 3717295012221459
127 3717296012671269
128 3717297013271776
129 3717298013763860
130 3717299014263173
131 3717300014735666
132 3717301015234458
133 3717302015703859
134 3717303016167369
135 3717304017556196
136 3717305018004728
137 3717306018441052
138 3717307018928728
139 3717308019397484
140 3717309020213514
141 3717310020695190
142 3717311021239647
143 3717312021709636
144 3717313022194477
145 3717314022733098
146 3717315023231602
147 3717316023722530
148 3717317024235317
149 3717318024711303
150 3717319025159061
151 3717320025605074
152 3717321026209734
153 3717322026734336
154 3717323027225354
155 3717324027706584
156 3717325028171541
157 3717326028664556
158 3717327029159164
159 3717328029622493
160 3717329030072873
161 3717330030621917
162 3717331031117254
163 3717332031614668
164 3717333032106556
165 3717334032590429
166 3717335033072602
167 3717336033645270
168 3717337034162305
169 3717338034691870
170 3717339035197448
171 3717340035687973
172 3717341036173023
173 3717342036655100
174 3717343037156886
175 3717344037668441
176 3717345038150423
177 3717346038634733
178 3717347039126084
179 3717348039627691
180 3717349040120620
181 3717350040608700
182 3717351041153874
183 3717352041660654
184 3717353042171702
185 3717354042729083
186 3717355043227752
187 3717356043852497
188 3717357044360212
189 3717358044900365
190 3717359045332876
191 3717360045774447
192 3717361046255971
193 3717362046817364
194 3717363047316363
195 3717364047827772
196 3717365048316238
197 3717366048799416
198 3717367049323261
199 3717368049800316
200 3717369050293525
201 3717370050814872
202 3717371051307156
203 3717372051788074
204 3717373052300151
205 3717374052813674
206 3717375053279013
207 3717376053772273
208 3717377054275474
209 3717378054795604
210 3717379055285027
211 3717380055806785
212 3717381056284914
213 3717382056776999
214 3717383057747018
215 3717384058244102
216 3717385058739261
217 3717386059255936
218 3717387059746209
219 3717388060234157
220 3717389060744775
221 3717390061224450
222 3717391061679708
223 3717392062158842
224 3717393062665531
225 3717394063157486
226 3717395063644177
227 3717396064132422
228 3717397064629941
229 3717398065139423
230 3717399065617411
231 3717400066086796
232 3717401066635021
233 3717402067142663
234 3717403067624606
235 3717404068094493
236 3717405068563895
237 3717406069157165
238 3717407069641621
239 3717408070107365
240 3717409070658325
241 3717410071153240
242 3717411071658229
243 3717412072170797
244 3717413072748609
245 3717414073273168
246 3717415073738206
247 3717416074232577
248 3717417074709882
249 3717418075181443
250 3717419075696705
251 3717420076202843
252 3717421076672746
253 3717422077189875
254 3717423077718995
255 3717424078214197
256 3717425078698276
257 3717426079318472
258 3717427079858315
259 3717428080338394
260 3717429080809635
261 3717430081307808
262 3717431081794494
263 3717432082294879
264 3717433082796551
265 3717434083281452
266 3717435083761179
267 3717436084277247
268 3717437084808466
269 3717438085330116
270 3717439085848611
271 3717440086378325
272 3717441086944157
273 3717442087427051
274 3717443087921672
275 3717444088399502
276 3717445088887653
277 3717446089340824
278 3717447089833286
279 3717448090335851
280 3717449090827167
281 3717450091320316
282 3717451091807182
283 3717452092303654
284 3717453092785795
285 3717454093323264
286 3717455093838354
287 3717456094357724
288 3717457094863338
289 3717458095328224
290 3717459095819790
291 3717460096316394
292 3717461096806151
293 3717462097351716
294 3717463097869509
295 3717464098346376
296 3717465098821445
297 3717466099315953
298 3717467099815310
299 3717468100292572
300 3717469100767330
301 3717470101292465
302 3717471101787540
303 3717472102308914
304 3717473102793787
305 3717474103253076
306 3717475103745886
307 3717476104317492
308 3717477104811489
309 3717478105292617
310 3717479105776335
311 3717480106276255
312 3717481106798641
313 3717482107312107
314 3717483107866017
315 3717484108339952
316 3717485108834197
317 3717486109335185
318 3717487109827712
319 3717488110294547
320 3717489110763361
321 3717490111264567
322 3717491111738342
323 3717492112257337
324 3717493112767948
325 3717494113235033
326 3717495113711293
327 3717496114231936
328 3717497114821963
329 3717498115069591
330 3717499115534069
331 3717500116012531
332 3717501116510628
