1 3717169950246512
2 3717170950675630
3 3717171951230848
4 3717172951715313
5 3717173952158012
6 3717174952625597
7 3717175953161353
8 3717176953638363
9 3717177954078976
10 3717178954570139
11 3717179955072990
12 3717180955552063
13 3717181956053615
14 3717182956565138
15 3717183957066623
16 3717184957613387
17 3717185958133565
18 3717186958580856
19 3717187959042775
20 3717188959560610
21 3717189960150061
22 3717190960668639
23 3717191961238991
24 3717192961689424
25 3717193962261164
26 3717194962731470
27 3717195963217664
28 3717196963694321
29 3717197964138492
30 3717198964634625
31 3717199965111628
32 3717200965677272
33 3717201966226988
34 3717202966712936
35 3717203967237003
36 3717204967745047
37 3717205968164291
38 3717206968668602
39 3717207969136287
40 3717208969658755
41 3717209970149480
42 3717210970577063
43 3717211971132926
44 3717212971615861
45 3717213972097519
46 3717214972652340
47 3717215973106255
48 3717216973600075
49 3717217974057201
50 3717218974569856
51 3717219974974542
52 3717220975424100
53 3717221975877009
54 3717222976473111
55 3717223976911842
56 3717224977448885
57 3717225977938500
58 3717226978478117
59 3717227978968037
60 3717228979486652
61 3717229979955127
62 3717230980432364
63 3717231980944141
64 3717232981458168
65 3717233982022107
66 3717234982509461
67 3717235982977235
68 3717236983422210
69 3717237983937351
70 3717238984453492
71 3717239984923131
72 3717240985476877
73 3717241985912575
74 3717242986429992
75 3717243986903707
76 3717244987289905
77 3717245987899790
78 3717246988492888
79 3717247988977713
80 3717248989476395
81 3717249989955029
82 3717250990477568
83 3717251990944130
84 3717252991500736
85 3717253991984081
86 3717254992530238
87 3717255993024391
88 3717256993530661
89 3717257994063558
90 3717258994545370
91 3717259994997246
92 3717260995556901
93 3717261996017818
94 3717262996592457
95 3717263997151713
96 3717264997605331
97 3717265998229200
98 3717266998595805
99 3717267999109011
100 3717268999599020
101 3717270000062288
102 3717271000489677
103 3717272001011312
104 3717273001903018
105 3717274002420630
106 3717275002909314
107 3717276003486687
108 3717277004007095
109 3717278004277262
110 3717279004715818
111 3717280005275044
112 3717281005693402
113 3717282006189242
114 3717283006676776
115 3717284007154428
116 3717285007652568
117 3717286008136040
118 3717287008614033
119 3717288009168792
120 3717289009726157
121 3717290010237060
122 3717291010656496
123 3717292011132031
124 3717293011907618
125 3717294012133887
126 3717295012588198
127 3717296013136986
128 3717297013639768
129 3717298014147607
130 3717299014676074
131 3717300015120706
132 3717301015592260
133 3717302016077128
134 3717303017780547
135 3717304017936969
136 3717305018331490
137 3717306018915391
138 3717307019319053
139 3717308020404519
140 3717309020559084
141 3717310021118753
142 3717311021599585
143 3717312022068795
144 3717313022603679
145 3717314023103537
146 3717315023628673
147 3717316024119393
148 3717317024632353
149 3717318025077696
150 3717319025545611
151 3717320026252099
152 3717321026606036
153 3717322027094923
154 3717323027585504
155 3717324028048710
156 3717325028584676
157 3717326029015079
158 3717327029546212
159 3717328029945196
160 3717329030533747
161 3717330031044668
162 3717331031516027
163 3717332032033985
164 3717333032462639
165 3717334032944552
166 3717335033534900
167 3717336034043422
168 3717337034572479
169 3717338035068122
170 3717339035694779
171 3717340036055749
172 3717341036571787
173 3717342037035313
174 3717343037546615
175 3717344038021514
176 3717345038509125
177 3717346039034239
178 3717347039508032
179 3717348039988720
180 3717349040485919
181 3717350041050138
182 3717351041525347
183 3717352042175724
184 3717353042605763
185 3717354043104352
186 3717355043754602
187 3717356044310200
188 3717357044906323
189 3717358045258660
190 3717359045696129
191 3717360046125826
192 3717361046728636
193 3717362047201420
194 3717363047716163
195 3717364048229936
196 3717365048668010
197 3717366049257065
198 3717367049727188
199 3717368050183247
200 3717369050734263
201 3717370051189861
202 3717371051695737
203 3717372052195475
204 3717373052688857
205 3717374053192000
206 3717375053656761
207 3717376054140128
208 3717377054675500
209 3717378055206047
210 3717379055736081
211 3717380056171408
212 3717381056701147
213 3717382057617658
214 3717383058128462
215 3717384058616395
216 3717385059165161
217 3717386059618598
218 3717387060101771
219 3717388060634078
220 3717389061114208
221 3717390061563618
222 3717391062078792
223 3717392062537920
224 3717393063030054
225 3717394063516710
226 3717395064010129
227 3717396064513390
228 3717397065002017
229 3717398065501324
230 3717399066029866
231 3717400066506285
232 3717401067003500
233 3717402067564679
234 3717403067971538
235 3717404068488436
236 3717405069026306
237 3717406069529408
238 3717407070001344
239 3717408070542003
240 3717409071074849
241 3717410071537262
242 3717411072065380
243 3717412072665996
244 3717413073199116
245 3717414073685105
246 3717415074113137
247 3717416074592831
248 3717417075054329
249 3717418075576083
250 3717419076119795
251 3717420076553567
252 3717421077056402
253 3717422077645274
254 3717423078140194
255 3717424078573107
256 3717425079455962
257 3717426079749918
258 3717427080288911
259 3717428080733131
260 3717429081211430
261 3717430081671529
262 3717431082183694
263 3717432082664578
264 3717433083157370
265 3717434083657495
266 3717435084166541
267 3717436084685921
268 3717437085203711
269 3717438085769456
270 3717439086273815
271 3717440086871997
272 3717441087351226
273 3717442087809997
274 3717443088277872
275 3717444088841646
276 3717445089267494
277 3717446089787829
278 3717447090275712
279 3717448090704305
280 3717449091197886
281 3717450091689767
282 3717451092164212
283 3717452092707460
284 3717453093259968
285 3717454093730166
286 3717455094278374
287 3717456094742699
288 3717457095244865
289 3717458095703859
290 3717459096199526
291 3717460096685238
292 3717461097235259
293 3717462097808623
294 3717463098298446
295 3717464098767564
296 3717465099239784
297 3717466099684544
298 3717467100214599
299 3717468100650203
300 3717469101168169
301 3717470101662403
302 3717471102177096
303 3717472102677990
304 3717473103173784
305 3717474103631500
306 3717475104210681
307 3717476104705110
308 3717477105166152
309 3717478105649794
310 3717479106153003
311 3717480106665340
312 3717481107194459
313 3717482107792368
314 3717483108246997
315 3717484108720833
316 3717485109219947
317 3717486109704944
318 3717487110163931
319 3717488110736151
320 3717489111152894
321 3717490111626283
322 3717491112141777
323 3717492112639381
324 3717493113128130
325 3717494113623930
326 3717495114101207
327 3717496114706513
328 3717497115021720
329 3717498115404197
330 3717499115931050
331 3717500116428869
332 3717501116990050
